413
74
42
414
22
66
162
379
71
64
27
63
357
429
309
199
427
269
430
271
79
444
61
14
358
64
125
412
63
487
294
200
239
323
489
362
183
432
382
133
443
423
396
496
315
155
201
186
347
237
220
188
334
30
125
236
325
141
338
314
115
432
30
157
252
10
123
249
32
236
290
324
3
219
452
367
461
318
280
112
454
143
198
43
277
53
377
396
479
157
238
153
355
314
453
51
453
135
445
72
69
478
385
452
251
453
195
175
295
419
48
474
248
486
364
336
408
13
316
493
320
109
325
430
282
134
64
382
341
197
454
334
293
157
168
18
186
125
126
420
316
458
2
275
230
267
217
66
225
411
442
28
349
499
100
145
397
391
362
151
416
196
151
32
205
274
138
21
308
233
245
103
24
434
144
13
400
485
257
233
231
246
256
500
65
327
62
297
199
86
348
358
180
133
35
168
304
328
296
462
118
280
51
224
420
348
474
188
257
141
485
338
424
19
257
409
469
92
212
386
189
219
21
2
130
8
107
242
90
320
141
341
116
264
45
282
4
199
491
301
301
234
401
381
304
230
446
257
60
295
50
413
366
288
382
84
268
320
366
253
65
249
174
157
301
185
226
278
275
487
196
351
33
265
4
361
372
378
323
41
339
435
74
377
231
296
431
103
94
70
313
202
226
116
394
410
174
44
95
211
233
213
88
339
452
233
294
278
127
463
387
263
305
13
287
279
283
240
166
59
107
257
447
88
75
420
302
101
234
340
151
81
379
377
167
264
59
139
272
133
70
486
138
423
459
28
187
118
23
123
90
453
308
381
269
412
112
162
397
229
481
74
395
390
213
478
434
127
354
482
438
426
201
447
77
20
300
480
274
395
450
443
201
285
196
443
278
173
336
341
180
295
416
246
326
135
234
17
389
427
336
263
291
156
18
345
204
55
329
370
49
110
65
200
499
54
272
443
475
372
248
458
150
299
39
355
444
318
442
493
31
165
5
481
331
323
24
180
18
27
45
198
11
261
367
395
485
260
35
380
360
8
347
12
307
240
349
401
251
439
338
406
361
340
362
137
59
428
217
453
19
437
449
463
161
351
357
27
158
404
486
254
431
82
133
4
153
118
346
385
244
497
422
257
378
453
406
230
475
470
97
163
208
284
41
166
499
378
34
97
19
486
124
66
191
93
108
433
185
434
32
306
425
493
193
46
82
3
138
261
78
450
165
311
85
69
319
306
24
342
399
104
67
5
450
316
137
42
269
299
406
187
404
165
294
426
151
272
474
491
58
229
369
368
420
397
149
291
286
384
236
244
451
49
303
462
463
3
272
428
118
104
313
378
464
461
350
296
297
436
54
416
165
135
347
223
363
420
400
450
439
399
136
83
191
431
227
356
163
127
93
252
155
345
409
7
212
195
94
104
131
37
321
279
459
478
12
15
494
380
339
48
281
351
223
360
118
251
337
187
52
189
103
13
379
25
191
73
147
367
25
350
152
75
276
79
441
259
365
245
311
278
465
82
310
242
498
74
233
9
136
456
127
189
299
212
291
141
161
76
269
476
144
33
360
51
418
317
111
477
406
413
317
114
279
54
26
69
461
226
35
203
122
163
391
126
184
348
390
195
319
17
79
22
450
154
256
465
247
493
467
133
134
18
10
387
281
464
430
334
111
316
25
336
295
307
341
500
256
422
176
187
164
395
77
6
443
212
340
316
264
105
12
226
49
60
390
97
470
311
21
37
448
342
202
406
156
388
479
312
15
433
150
116
197
211
262
427
125
207
111
104
469
156
244
257
152
40
458
245
346
96
300
177
473
307
67
413
204
407
305
62
462
382
312
483
417
465
135
286
493
141
69
331
361
143
163
226
443
458
213
330
410
318
266
255
185
209
119
358
440
364
318
249
96
268
161
287
325
156
195
83
49
11
215
494
441
69
270
131
421
313
156
353
162
478
420
270
85
48
359
240
363
258
19
373
418
92
198
29
420
284
442
316
293
319
49
95
208
431
65
475
86
105
286
314
101
75
261
222
173
325
286
60
474
89
407
435
427
353
422
208
203
350
377
488
224
65
70
134
162
232
47
255
439
335
104
212
227
110
290
113
448
39
401
317
272
358
483
435
124
52
334
325
173
353
500
97
343
248
278
110
304
470
216
474
480
3
110
47
41
82
6
440
410
191
203
12
258
65
246
372
8
188
433
379
331
294
310
143
149
369
174
23
134
145
73
129
208
108
303
320
43
491
410
205
60
280
193
144
432
209
197
246
80
262
219
371
176
173
